01010101010101010101010101010101
00000000000000000000000000000001
00000000000000000000000000000010
00000000000000000000000000000100
00000000000000000000000000001000
00000000000000000000000000010000
00000000000000000000000000100000
00000000000000000000000001000000
00000000000000000000000010000000
00000000000000000000000100000000
10101010101010101010101010101010
00000000000000000000000000000001
00000000000000000000000000000010
00000000000000000000000000000100
00000000000000000000000000001000
00000000000000000000000000010000
00000000000000000000000000100000
00000000000000000000000001000000
00000000000000000000000010000000
00000000000000000000000100000000
01010101010101010101010101010101
00000000000000000000000000000001
00000000000000000000000000000010
00000000000000000000000000000100
00000000000000000000000000001000
00000000000000000000000000010000
00000000000000000000000000100000
00000000000000000000000001000000
00000000000000000000000010000000
00000000000000000000000100000000
10101010101010101010101010101010
00000000000000000000000000000001
00000000000000000000000000000010